0
1065
1233
2984
3261
3963
4075
3434
3332
1593
1317
-857
-1201
-2979
-3261
-3964
-4076
-3435
-3333
-1594
-1318
856
1200
2978
3260
3963
4075
3434
3332
1593
1317
-857
-1201
-2979
-3261
-3964
-4076
-3435
-3333
-1594
-1318
856
1200
2978
3260
3963
4075
3434
3332
1593
1317
-857
-1201
-2979
-3261
-3964
-4076
-3435
-3333
-1594
-1318
856
1200
2978
3260
3963
4075
3434
3332
1593
1317
-857
-1201
-2979
-3261
-3964
-4076
-3435
-3333
-1594
-1318
856
1200
2978
3260
3963
4075
3434
3332
1593
1317
-857
-1201
-2979
-3261
-3964
-4076
-3435
-3333
-1594
-1318
856
1200
2978
3260
3963
4075
3434
3332
1593
1317
-857
-1201
-2979
-3261
-3964
-4076
-3435
-3333
-1594
-1318
856
1200
2978
3260
3963
4075
3434
3332
1593
1317
-857
-1201
-2979
-3261
-3964
-4076
-3435
-3333
-1594
-1318
856
1200
2978
3260
3963
4075
3434
3332
1593
1317
-857
-1201
-2979
-3261
-3964
-4076
-3435
-3333
-1594
-1318
856
1200
2978
3260
3963
4075
3434
3332
1593
1317
-857
-1201
-2979
-3261
-3964
-4076
-3435
-3333
-1594
-1318
856
1200
2978
3260
3963
4075
3434
3332
1593
1317
-857
-1201
-2979
-3261
-3964
-4076
-3435
-3333
-1594
-1318
