0
1064
1233
2983
3261
3963
4073
3433
3331
1591
1316
-858
-1203
-2980
-3262
-3965
-4076
-3436
-3334
-1594
-1319
855
1200
2978
3259
3961
4073
3433
3331
1591
1316
-858
-1203
-2980
-3262
-3965
-4076
-3436
-3334
-1594
-1319
855
1200
2978
3259
3961
4073
3433
3331
1591
1316
-858
-1203
-2980
-3262
-3965
-4076
-3436
-3334
-1594
-1319
855
1200
2978
3259
3961
4073
3433
3331
1591
1316
-858
-1203
-2980
-3262
-3965
-4076
-3436
-3334
-1594
-1319
855
1200
2978
3259
3961
4073
3433
3331
1591
1316
-858
-1203
-2980
-3262
-3965
-4076
-3436
-3334
-1594
-1319
855
1200
2978
3259
3961
4073
3433
3331
1591
1316
-858
-1203
-2980
-3262
-3965
-4076
-3436
-3334
-1594
-1319
855
1200
2978
3259
3961
4073
3433
3331
1591
1316
-858
-1203
-2980
-3262
-3965
-4076
-3436
-3334
-1594
-1319
855
1200
2978
3259
3961
4073
3433
3331
1591
1316
-858
-1203
-2980
-3262
-3965
-4076
-3436
-3334
-1594
-1319
855
1200
2978
3259
3961
4073
3433
3331
1591
1316
-858
-1203
-2980
-3262
-3965
-4076
-3436
-3334
-1594
-1319
855
1200
2978
3259
3961
4073
3433
3331
1591
1316
-858
-1203
-2980
-3262
-3965
-4076
-3436
-3334
-1594
-1319
